fecha	cp	minsplit	minbucket	maxdepth	xval_folds	ganancia	iteracion
20220408 121156	0.0549266344038188	4652	676	10	5	0	1
20220408 121244	-0.0788060798964579	5134	790	18	5	9412000	2
20220408 121330	-0.491956730865058	5677	342	13	5	9292000	3
20220408 121419	-0.270564065632061	3215	240	11	5	9701000	4
20220408 121453	-0.598247543926118	7776	1156	4	5	8855000	5
20220408 121605	-0.904639996278274	4181	968	12	5	9772000	6
20220408 121655	0.0238600446304191	3534	1041	14	5	0	7
20220408 121750	-0.328621806218871	7099	1741	20	5	8855000	8
20220408 121818	-0.813512803337653	2956	120	3	5	8767000	9
20220408 121906	-0.207705721266393	6989	481	9	5	9138000	10
20220408 121942	-0.763581209098629	6105	1950	6	5	9222000	11
20220408 122027	-0.152497184230015	4693	1522	12	5	9316000	12
20220408 122128	-0.93259073543828	4996	39	19	5	9173000	13
20220408 122152	-0.0147867400525137	1406	424	3	5	8767000	14
20220408 122249	-0.673842619229108	7014	1717	16	5	8855000	15
20220408 122401	-0.722297705081292	6635	1825	14	5	9364000	16
20220408 122457	-0.0843257135645905	493	177	3	5	8767000	17
20220408 122639	-0.140367269929707	5933	519	20	5	9528000	18
20220408 122756	-0.838080677575012	6481	1497	15	5	9073000	19
20220408 122923	-0.228183673912329	2916	1458	17	5	9310000	20
20220408 123055	-0.372140745865693	3089	416	11	5	9703000	21
20220408 123152	-0.113309275034204	7926	2000	19	5	8855000	22
20220408 123331	-0.309870922966115	3378	1631	9	5	9558000	23
20220408 123520	-0.314408104731143	7598	584	13	5	8855000	24
20220408 123648	-0.427420927600887	2937	1462	8	5	9721000	25
20220408 123737	-0.411033476046184	20	3	5	5	9405000	26
20220408 123842	-0.950813484857858	7699	1657	8	5	8855000	27
20220408 123919	-0.367153810262354	2744	1338	3	5	8415000	28
20220408 124117	-0.429009988859566	457	220	12	5	8973000	29
20220408 124242	-0.509942595496908	5576	2000	10	5	9222000	30
20220408 124537	-0.104896882760969	162	16	19	5	5582000	31
20220408 124646	-0.0696532810699744	7158	601	3	5	8423000	32
20220408 124857	-0.161104625422126	7577	896	17	5	8855000	33
20220408 125036	-0.43490944804984	6733	2	7	5	9234000	34
20220408 125300	-0.24152953618555	3830	1885	10	5	9339000	35
20220408 125525	-0.737416271761892	2059	662	11	5	9912000	36
20220408 125746	-0.746958316881894	7892	52	11	5	8618000	37
20220408 130001	-0.697603961748311	2419	1209	8	5	9997000	38
20220408 130147	-0.560872957357744	1251	624	8	5	9752000	39
20220408 130410	-0.631028584689753	2124	1056	11	5	9958000	40
20220408 130749	-0.877862503533747	40	16	13	5	7782000	41
20220408 130954	-0.992331752485249	4147	1261	16	5	9684000	42
20220408 131205	-0.930569393526946	3889	1936	20	5	9215000	43
20220408 131414	-0.746103839898582	3010	1496	11	5	9713000	44
20220408 131516	-0.652012486461806	803	355	6	5	10095000	45
20220408 131612	-0.659001930121261	3497	517	9	5	9743000	46
20220408 131641	-0.71481476128892	1481	734	3	5	8908000	47
20220408 131749	-0.691383296025707	1328	662	14	5	10013000	48
20220408 131858	-0.620430753665233	12	2	8	5	9816000	49
20220408 132014	-0.727676364281605	1970	954	20	5	10025000	50
20220408 132110	-0.487777511562785	2517	631	6	5	10063000	51
20220408 132202	-0.492286489319037	2710	1347	20	5	9809000	52
20220408 132256	-0.616220127180352	1394	697	20	5	9650000	53
20220408 132348	-0.400950824625699	3826	964	20	5	9927000	54
20220408 132501	-0.410279457120104	3691	1845	17	5	9217000	55
20220408 132611	-0.302531863213499	3775	774	20	5	10040000	56
20220408 132711	-0.279046455965785	3729	744	8	5	10079000	57
20220408 132803	-0.999995008888313	3936	527	6	5	10015000	58
20220408 132916	-0.999952111764636	4776	346	11	5	9614000	59
20220408 133019	-0.962576406743518	2623	941	7	5	10061000	60
20220408 133052	-0.944365698996774	4468	687	3	5	8835000	61
20220408 133156	-0.999930721571552	3034	1506	8	5	9713000	62
20220408 133300	-0.999899732145702	1915	780	8	5	9686000	63
20220408 133415	-0.723956654187706	2848	964	16	5	9896000	64
20220408 133519	-0.977336193736648	4108	948	8	5	9772000	65
20220408 133621	-0.107933942209299	5386	1206	20	5	9495000	66
20220408 133726	-0.638633119487794	1525	762	7	5	9849000	67
20220408 133828	-0.688325814576811	46	18	7	5	9438000	68
20220408 133910	-0.523542509901541	2228	3	4	5	9369000	69
20220408 134017	-0.472946828477008	3353	1060	9	5	9891000	70
20220408 134127	-0.89964874395505	2664	1324	7	5	9635000	71
20220408 134236	-0.947883295152802	2805	1207	14	5	9919000	72
20220408 134400	-0.698461747842281	2163	1069	12	5	9958000	73
20220408 134517	-0.288100621567554	4727	585	18	5	9728000	74
20220408 134652	-0.780302584222445	2657	511	20	5	9938000	75
20220408 134817	-0.654848834344216	794	379	11	5	9716000	76
20220408 134913	-0.312544740249365	3183	357	7	5	9735000	77
20220408 135026	-0.592393381053882	2553	1276	14	5	9779000	78
20220408 135152	-0.714108014573087	2654	437	20	5	9770000	79
20220408 135309	-0.283961297509426	3917	851	11	5	9936000	80
20220408 135407	-0.198041317695716	2819	844	6	5	9694000	81
20220408 135507	-0.611967115968499	1096	316	6	5	10112000	82
20220408 135621	-0.35320038243309	2454	1225	20	5	9860000	83
20220408 135717	-0.966378095985499	2850	326	6	5	9854000	84
20220408 135837	-0.962038744779712	2637	827	20	5	9949000	85
20220408 135950	-0.999963245289817	7996	672	20	5	8855000	86
20220408 140104	-0.885212447287851	2701	902	20	5	9930000	87
20220408 140201	-0.491159124422017	633	313	6	5	9922000	88
20220408 140306	-0.160928134240402	4945	1629	18	5	9073000	89
20220408 140420	-0.933491941981128	3286	761	17	5	9948000	90
20220408 140541	-0.260178083092609	2499	705	9	5	10065000	91
20220408 140640	-0.736665933425835	2682	523	6	5	9938000	92
20220408 140740	-0.446984924225258	2825	467	7	5	9630000	93
20220408 140845	-0.502411880937357	2630	1303	7	5	9624000	94
20220408 140957	-0.0846276372608683	7973	578	20	5	8855000	95
20220408 141106	-0.239759658062348	3959	689	9	5	10042000	96
20220408 141226	-0.73640826611232	2351	862	14	5	10006000	97
20220408 141344	-0.484729479792566	2027	730	20	5	9919000	98
20220408 141442	-0.999969045940374	2824	1015	6	5	9846000	99
20220408 141550	-0.796040357666975	2833	634	8	5	9974000	100
20220408 141707	-0.818561548965453	2013	794	20	5	9890000	101
20220408 141812	-0.131870552301561	4389	690	7	5	9881000	102
20220408 141918	-0.675603103991644	4023	2000	9	5	9178000	103
20220408 142013	-0.487140845216074	7989	704	6	5	8855000	104
20220408 142048	-0.0821406147188644	2586	793	3	5	8881000	105
20220408 142152	-0.493114330974554	2066	949	14	5	10026000	106
20220408 142255	-0.344080667328293	3595	728	20	5	9801000	107
20220408 142358	-0.26894177262862	3555	931	20	5	9764000	108
20220408 142458	-0.399913100948289	2049	847	9	5	9818000	109
20220408 142545	-0.733629782306583	5883	1189	8	5	9469000	110
20220408 142650	-0.488375942021758	2359	668	10	5	10102000	111
20220408 142737	-0.629966170999166	2205	301	6	5	9765000	112
20220408 142810	-0.255422340595623	4430	1	5	5	8710000	113
20220408 142835	-0.595911453452808	220	110	3	5	8767000	114
20220408 142914	-0.779149281973718	1312	648	6	5	10071000	115
20220408 142959	-0.61262104838089	1111	551	9	5	9513000	116
