fecha	objective	metric	first_metric_only	boost_from_average	feature_pre_filter	verbosity	seed	max_depth	min_gain_to_split	lambda_l1	lambda_l2	max_bin	num_iterations	force_row_wise	learning_rate	feature_fraction	min_data_in_leaf	num_leaves	prob_corte	ganancia	iteracion
20220429 103346	binary	custom	TRUE	TRUE	FALSE	-100	999983	-1	0	0	0	31	39	TRUE	0.169989298362983	0.735435733599588	3469	436	0.0189735265778533	12491000	1
20220429 103410	binary	custom	TRUE	TRUE	FALSE	-100	999983	-1	0	0	0	31	70	TRUE	0.107466477326117	0.872877187654376	4439	209	0.0279329751613356	11404000	2
20220429 103504	binary	custom	TRUE	TRUE	FALSE	-100	999983	-1	0	0	0	31	53	TRUE	0.0662677142124157	0.492379494328052	1331	591	0.0492446412526382	7145000	3
20220429 103520	binary	custom	TRUE	TRUE	FALSE	-100	999983	-1	0	0	0	31	33	TRUE	0.247240013448871	0.932229494228959	3841	864	0.0236176153635218	11563000	4
20220429 103534	binary	custom	TRUE	TRUE	FALSE	-100	999983	-1	0	0	0	31	18	TRUE	0.188357234039926	0.644441382642835	6551	819	0.0321729053403639	11175000	5
20220429 103604	binary	custom	TRUE	TRUE	FALSE	-100	999983	-1	0	0	0	31	68	TRUE	0.0809575556605123	0.828418894317001	2779	232	0.0334512544820124	10862000	6
20220429 103702	binary	custom	TRUE	TRUE	FALSE	-100	999983	-1	0	0	0	31	14	TRUE	0.142867971600266	0.401236291844398	459	959	0.0222462157835253	10919000	7
20220429 103809	binary	custom	TRUE	TRUE	FALSE	-100	999983	-1	0	0	0	31	235	TRUE	0.0435568199099507	0.385296893529594	4803	322	0.0435375926152725	8919000	8
20220429 103827	binary	custom	TRUE	TRUE	FALSE	-100	999983	-1	0	0	0	31	19	TRUE	0.212511732154293	0.777089137947187	2327	501	0.0174826973476835	12442000	9
20220429 103838	binary	custom	TRUE	TRUE	FALSE	-100	999983	-1	0	0	0	31	15	TRUE	0.238383992121089	0.880921135330573	7062	310	0.0251086662067488	11979000	10
20220429 103854	binary	custom	TRUE	TRUE	FALSE	-100	999983	-1	0	0	0	31	25	TRUE	0.257788789654267	0.703192812325433	4016	531	0.0454242979195745	8595000	11
20220429 103911	binary	custom	TRUE	TRUE	FALSE	-100	999983	-1	0	0	0	31	28	TRUE	0.221726569622173	0.359823543401435	5996	44	0.036313839671493	10206000	12
20220429 103938	binary	custom	TRUE	TRUE	FALSE	-100	999983	-1	0	0	0	31	57	TRUE	0.124108950511669	0.530937919253483	5483	922	0.0116087333027584	12695000	13
20220429 103952	binary	custom	TRUE	TRUE	FALSE	-100	999983	-1	0	0	0	31	19	TRUE	0.299395974940387	0.313961978657171	6056	416	0.0141273541249878	11739000	14
20220429 104017	binary	custom	TRUE	TRUE	FALSE	-100	999983	-1	0	0	0	31	22	TRUE	0.166059719580342	0.473976942114532	890	66	0.0388354518290726	9335000	15
20220429 104156	binary	custom	TRUE	TRUE	FALSE	-100	999983	-1	0	0	0	31	317	TRUE	0.0186099226349033	0.566549413409084	7561	701	0.0464502828409119	8005000	16
20220429 104618	binary	custom	TRUE	TRUE	FALSE	-100	999983	-1	0	0	0	31	44	TRUE	0.0350575362977106	0.212451067026705	174	644	0.0156285509990994	11715000	17
20220429 104649	binary	custom	TRUE	TRUE	FALSE	-100	999983	-1	0	0	0	31	68	TRUE	0.0838317442040425	0.995200136490166	2970	758	0.0298400720154556	11107000	18
20220429 104706	binary	custom	TRUE	TRUE	FALSE	-100	999983	-1	0	0	0	31	45	TRUE	0.139746441844502	0.626802387842909	7844	131	0.00976093190450532	11850000	19
20220429 104727	binary	custom	TRUE	TRUE	FALSE	-100	999983	-1	0	0	0	31	18	TRUE	0.282323584176484	0.264171786839142	1776	1003	0.0416232655557299	8167000	20
20220429 104752	binary	custom	TRUE	TRUE	FALSE	-100	999983	-1	0	0	0	31	77	TRUE	0.0891940355730847	0.84018412397092	5594	662	0.0126219436740803	12841000	21
20220429 104816	binary	custom	TRUE	TRUE	FALSE	-100	999983	-1	0	0	0	31	54	TRUE	0.107448662771059	0.731952737349493	3570	685	0.00923104813314303	12079000	22
20220429 104837	binary	custom	TRUE	TRUE	FALSE	-100	999983	-1	0	0	0	31	66	TRUE	0.0935915290341735	0.760665912043734	6965	775	0.0158829942441199	13179000	23
20220429 104900	binary	custom	TRUE	TRUE	FALSE	-100	999983	-1	0	0	0	31	100	TRUE	0.116440619024451	0.933340581646325	7997	889	0.0140658925350204	12972000	24
20220429 105101	binary	custom	TRUE	TRUE	FALSE	-100	999983	-1	0	0	0	31	435	TRUE	0.0101141252532214	0.695359441426927	7080	857	0.0149013270947735	13083000	25
20220429 105129	binary	custom	TRUE	TRUE	FALSE	-100	999983	-1	0	0	0	31	112	TRUE	0.0617466080814363	0.789776759512409	7909	593	0.0169505397792811	13230000	26
20220429 105205	binary	custom	TRUE	TRUE	FALSE	-100	999983	-1	0	0	0	31	142	TRUE	0.0480707829392511	0.997571544005573	7029	566	0.0174148752166591	13181000	27
20220429 105230	binary	custom	TRUE	TRUE	FALSE	-100	999983	-1	0	0	0	31	77	TRUE	0.0593804563038698	0.842570520587059	7511	676	0.0177678934702441	12883000	28
20220429 105252	binary	custom	TRUE	TRUE	FALSE	-100	999983	-1	0	0	0	31	61	TRUE	0.0813060309798829	0.794758505477791	7346	521	0.015695868517322	13092000	29
20220429 105341	binary	custom	TRUE	TRUE	FALSE	-100	999983	-1	0	0	0	31	182	TRUE	0.032904493786698	0.866395698790583	5579	585	0.0164084579105528	13346000	30
20220429 105418	binary	custom	TRUE	TRUE	FALSE	-100	999983	-1	0	0	0	31	151	TRUE	0.0782878122917782	0.996890657191953	4844	853	0.0157793791783057	13091000	31
20220429 105437	binary	custom	TRUE	TRUE	FALSE	-100	999983	-1	0	0	0	31	62	TRUE	0.144963216770463	0.998312899094295	5590	592	0.0165729055244679	12724000	32
20220429 105741	binary	custom	TRUE	TRUE	FALSE	-100	999983	-1	0	0	0	31	704	TRUE	0.010313177184729	0.997838776840435	3651	419	0.0166908523841185	12949000	33
20220429 105911	binary	custom	TRUE	TRUE	FALSE	-100	999983	-1	0	0	0	31	424	TRUE	0.0148216479482507	0.890526606152219	7997	556	0.016115650591895	13147000	34
20220429 105958	binary	custom	TRUE	TRUE	FALSE	-100	999983	-1	0	0	0	31	178	TRUE	0.0349004082637062	0.674948486037634	5802	565	0.0168055599674237	13496000	35
20220429 110131	binary	custom	TRUE	TRUE	FALSE	-100	999983	-1	0	0	0	31	366	TRUE	0.0158193015967234	0.633682659161708	6424	300	0.0172059303395142	13346000	36
20220429 110240	binary	custom	TRUE	TRUE	FALSE	-100	999983	-1	0	0	0	31	208	TRUE	0.0313120536472434	0.458749797471315	6496	550	0.0168616668746217	13664000	37
20220429 110342	binary	custom	TRUE	TRUE	FALSE	-100	999983	-1	0	0	0	31	229	TRUE	0.0270055174597076	0.210200860254191	6657	529	0.0169761785402965	13339000	38
20220429 110522	binary	custom	TRUE	TRUE	FALSE	-100	999983	-1	0	0	0	31	328	TRUE	0.0218505034656444	0.484401331202032	6658	459	0.0170016227332845	13499000	39
20220429 110643	binary	custom	TRUE	TRUE	FALSE	-100	999983	-1	0	0	0	31	312	TRUE	0.0327768482659734	0.443774515691523	6512	16	0.0171996158367838	13583000	40
20220429 110745	binary	custom	TRUE	TRUE	FALSE	-100	999983	-1	0	0	0	31	159	TRUE	0.0381796296182243	0.441862363256493	4386	64	0.0169607105296232	13410000	41
20220429 110834	binary	custom	TRUE	TRUE	FALSE	-100	999983	-1	0	0	0	31	156	TRUE	0.0444733094075907	0.426852423699049	8000	116	0.0171819157391169	13178000	42
20220429 111401	binary	custom	TRUE	TRUE	FALSE	-100	999983	-1	0	0	0	31	574	TRUE	0.011387575056189	0.477317395758401	5978	17	0.0195805162008698	13413000	43
20220429 111623	binary	custom	TRUE	TRUE	FALSE	-100	999983	-1	0	0	0	31	307	TRUE	0.0190333362666825	0.963513277739407	6148	16	0.01727601257351	13268000	44
20220429 111801	binary	custom	TRUE	TRUE	FALSE	-100	999983	-1	0	0	0	31	126	TRUE	0.0461330774408649	0.459463899493619	6349	579	0.0164477977689655	13303000	45
20220429 111954	binary	custom	TRUE	TRUE	FALSE	-100	999983	-1	0	0	0	31	146	TRUE	0.0288150773188499	0.47767206053072	4055	16	0.0204724330772957	12934000	46
20220429 112223	binary	custom	TRUE	TRUE	FALSE	-100	999983	-1	0	0	0	31	216	TRUE	0.0288351351525496	0.471625035421689	6091	952	0.0168532493365321	13723000	47
20220429 112306	binary	custom	TRUE	TRUE	FALSE	-100	999983	-1	0	0	0	31	56	TRUE	0.19561325156349	0.44001324481052	7990	974	0.0167419558078842	12870000	48
20220429 112347	binary	custom	TRUE	TRUE	FALSE	-100	999983	-1	0	0	0	31	43	TRUE	0.19468193335567	0.420206151180007	6708	16	0.017159967010837	12598000	49
20220429 112615	binary	custom	TRUE	TRUE	FALSE	-100	999983	-1	0	0	0	31	244	TRUE	0.0301080132533668	0.475514941547928	7764	960	0.0167895618489752	13474000	50
20220429 113228	binary	custom	TRUE	TRUE	FALSE	-100	999983	-1	0	0	0	31	676	TRUE	0.0119424571934982	0.42516433044303	6025	831	0.0172269713517466	13643000	51
20220429 113723	binary	custom	TRUE	TRUE	FALSE	-100	999983	-1	0	0	0	31	347	TRUE	0.0128267673892124	0.517481069854157	4469	1021	0.0170800050674566	13499000	52
20220429 113940	binary	custom	TRUE	TRUE	FALSE	-100	999983	-1	0	0	0	31	181	TRUE	0.0287652719955809	0.458839022745923	6218	812	0.016949285186116	13804000	53
20220429 114013	binary	custom	TRUE	TRUE	FALSE	-100	999983	-1	0	0	0	31	32	TRUE	0.209557285278468	0.959973313982635	4692	1024	0.0125024848380971	12305000	54
20220429 114233	binary	custom	TRUE	TRUE	FALSE	-100	999983	-1	0	0	0	31	179	TRUE	0.0284745405653305	0.42817295644886	5054	812	0.0170556789645932	13671000	55
20220429 114346	binary	custom	TRUE	TRUE	FALSE	-100	999983	-1	0	0	0	31	121	TRUE	0.0332862235773182	0.703785918105505	946	17	0.0187262558342311	13478000	56
20220429 114723	binary	custom	TRUE	TRUE	FALSE	-100	999983	-1	0	0	0	31	241	TRUE	0.0304651064366997	0.330022962468645	1835	207	0.0186237580209883	13218000	57
20220429 115014	binary	custom	TRUE	TRUE	FALSE	-100	999983	-1	0	0	0	31	447	TRUE	0.0218580748394822	0.977951795624203	6876	17	0.0140781374478253	13020000	58
20220429 120238	binary	custom	TRUE	TRUE	FALSE	-100	999983	-1	0	0	0	31	38	TRUE	0.0319284719036885	0.898387517755103	8	997	0.0173200867380219	1257000	59
20220429 120325	binary	custom	TRUE	TRUE	FALSE	-100	999983	-1	0	0	0	31	133	TRUE	0.283537437531662	0.713207799474844	1757	16	0.00863532808418421	10968000	60
20220429 120414	binary	custom	TRUE	TRUE	FALSE	-100	999983	-1	0	0	0	31	87	TRUE	0.0931869192169848	0.206788481248565	551	16	0.0135275966034863	12594000	61
20220429 120940	binary	custom	TRUE	TRUE	FALSE	-100	999983	-1	0	0	0	31	672	TRUE	0.0100830985396142	0.754784318013431	4694	41	0.0132206497289882	13103000	62
20220429 121635	binary	custom	TRUE	TRUE	FALSE	-100	999983	-1	0	0	0	31	603	TRUE	0.0103691880024653	0.210990993920457	6160	61	0.017360731633446	13496000	63
