fecha	objective	metric	first_metric_only	boost_from_average	feature_pre_filter	verbosity	seed	max_depth	min_gain_to_split	lambda_l1	lambda_l2	max_bin	num_iterations	force_row_wise	learning_rate	feature_fraction	min_data_in_leaf	num_leaves	prob_corte	ganancia	iteracion
20220426 005437	binary	custom	TRUE	TRUE	FALSE	-100	999983	-1	0	0	0	31	501	TRUE	0.011284351	0.588206711	4359	18	0.014946321	13723000	103
20220426 002425	binary	custom	TRUE	TRUE	FALSE	-100	999983	-1	0	0	0	31	94	TRUE	0.094387083	0.200496729	5657	1011	0.015071096	13707000	80
20220425 232823	binary	custom	TRUE	TRUE	FALSE	-100	999983	-1	0	0	0	31	44	TRUE	0.116050574	0.596996431	2820	675	0.015350211	13692000	22
20220426 001357	binary	custom	TRUE	TRUE	FALSE	-100	999983	-1	0	0	0	31	445	TRUE	0.010104116	0.576228495	3962	40	0.015517419	13679000	71
20220425 235538	binary	custom	TRUE	TRUE	FALSE	-100	999983	-1	0	0	0	31	628	TRUE	0.010168858	0.493756854	4638	1023	0.015073895	13672000	56
20220426 010254	binary	custom	TRUE	TRUE	FALSE	-100	999983	-1	0	0	0	31	794	TRUE	0.01008366	0.583625868	3017	1024	0.015245429	13650000	107
20220425 235125	binary	custom	TRUE	TRUE	FALSE	-100	999983	-1	0	0	0	31	329	TRUE	0.01374679	0.462877701	2523	1023	0.015068954	13646000	54
20220426 002358	binary	custom	TRUE	TRUE	FALSE	-100	999983	-1	0	0	0	31	823	TRUE	0.014711796	0.20002408	5677	724	0.015032291	13646000	79
20220426 000244	binary	custom	TRUE	TRUE	FALSE	-100	999983	-1	0	0	0	31	592	TRUE	0.010009651	0.621380795	4395	16	0.016498716	13633000	61
20220425 234356	binary	custom	TRUE	TRUE	FALSE	-100	999983	-1	0	0	0	31	149	TRUE	0.043146781	0.501463035	5724	1024	0.015016603	13628000	47
20220426 000934	binary	custom	TRUE	TRUE	FALSE	-100	999983	-1	0	0	0	31	202	TRUE	0.031907666	0.568805438	8000	197	0.014781582	13619000	69
20220426 004920	binary	custom	TRUE	TRUE	FALSE	-100	999983	-1	0	0	0	31	329	TRUE	0.018415622	0.421092067	6574	694	0.015367769	13601000	96
20220426 005739	binary	custom	TRUE	TRUE	FALSE	-100	999983	-1	0	0	0	31	741	TRUE	0.010410345	0.41265554	7624	137	0.015300135	13588000	104
20220426 003541	binary	custom	TRUE	TRUE	FALSE	-100	999983	-1	0	0	0	31	379	TRUE	0.0256282	0.214395811	4288	16	0.015424264	13556000	87
20220425 235647	binary	custom	TRUE	TRUE	FALSE	-100	999983	-1	0	0	0	31	301	TRUE	0.025016223	0.384444145	4703	16	0.015283356	13553000	57
20220426 010354	binary	custom	TRUE	TRUE	FALSE	-100	999983	-1	0	0	0	31	139	TRUE	0.03552403	0.512033208	4312	1024	0.015939388	13545000	108
20220425 233302	binary	custom	TRUE	TRUE	FALSE	-100	999983	-1	0	0	0	31	39	TRUE	0.106501026	0.603341567	3733	30	0.01474328	13542000	33
20220425 233931	binary	custom	TRUE	TRUE	FALSE	-100	999983	-1	0	0	0	31	399	TRUE	0.010285403	0.682685584	2920	17	0.01550046	13533000	41
20220426 004641	binary	custom	TRUE	TRUE	FALSE	-100	999983	-1	0	0	0	31	416	TRUE	0.010521104	0.582935025	4600	693	0.015763354	13517000	94
20220426 000554	binary	custom	TRUE	TRUE	FALSE	-100	999983	-1	0	0	0	31	531	TRUE	0.010203683	0.371624266	5355	1024	0.016753615	13503000	63
20220426 001555	binary	custom	TRUE	TRUE	FALSE	-100	999983	-1	0	0	0	31	146	TRUE	0.041732654	0.609726386	4472	171	0.015351381	13499000	74
20220426 002117	binary	custom	TRUE	TRUE	FALSE	-100	999983	-1	0	0	0	31	116	TRUE	0.049346203	0.425665984	2878	1024	0.014702717	13492000	78
20220426 011536	binary	custom	TRUE	TRUE	FALSE	-100	999983	-1	0	0	0	31	1196	TRUE	0.011089181	0.201103101	5624	48	0.015673068	13473000	120
20220426 010416	binary	custom	TRUE	TRUE	FALSE	-100	999983	-1	0	0	0	31	47	TRUE	0.119609525	0.205157145	4496	1023	0.0154483	13463000	109
20220426 000045	binary	custom	TRUE	TRUE	FALSE	-100	999983	-1	0	0	0	31	47	TRUE	0.084092738	0.207036941	2664	1022	0.015184564	13456000	60
20220426 002011	binary	custom	TRUE	TRUE	FALSE	-100	999983	-1	0	0	0	31	728	TRUE	0.01014451	0.286812154	8000	281	0.015742564	13434000	76
20220425 234421	binary	custom	TRUE	TRUE	FALSE	-100	999983	-1	0	0	0	31	50	TRUE	0.110711389	0.527186812	6641	1024	0.021007778	13425000	48
20220426 011156	binary	custom	TRUE	TRUE	FALSE	-100	999983	-1	0	0	0	31	710	TRUE	0.010569871	0.394634071	8000	745	0.014586119	13425000	119
20220426 000726	binary	custom	TRUE	TRUE	FALSE	-100	999983	-1	0	0	0	31	234	TRUE	0.045249507	0.202607917	6665	17	0.015672923	13423000	65
20220425 233053	binary	custom	TRUE	TRUE	FALSE	-100	999983	-1	0	0	0	31	47	TRUE	0.092189622	0.612839449	2414	292	0.015737217	13422000	27
20220425 233629	binary	custom	TRUE	TRUE	FALSE	-100	999983	-1	0	0	0	31	111	TRUE	0.030001451	0.599704331	2775	625	0.014407362	13418000	36
20220425 233504	binary	custom	TRUE	TRUE	FALSE	-100	999983	-1	0	0	0	31	492	TRUE	0.011702923	0.615915585	6858	19	0.016006811	13417000	34
20220426 010601	binary	custom	TRUE	TRUE	FALSE	-100	999983	-1	0	0	0	31	180	TRUE	0.032021723	0.51440441	7757	538	0.015704495	13417000	112
20220426 001107	binary	custom	TRUE	TRUE	FALSE	-100	999983	-1	0	0	0	31	503	TRUE	0.022580476	0.204130734	8000	35	0.014873919	13379000	70
20220426 005121	binary	custom	TRUE	TRUE	FALSE	-100	999983	-1	0	0	0	31	99	TRUE	0.029903132	0.594081997	2110	16	0.013142826	13379000	101
20220426 005836	binary	custom	TRUE	TRUE	FALSE	-100	999983	-1	0	0	0	31	62	TRUE	0.094928507	0.482680992	2647	669	0.015294477	13379000	106
20220426 005030	binary	custom	TRUE	TRUE	FALSE	-100	999983	-1	0	0	0	31	72	TRUE	0.097013221	0.597352931	7998	108	0.015204692	13372000	99
20220426 010438	binary	custom	TRUE	TRUE	FALSE	-100	999983	-1	0	0	0	31	53	TRUE	0.121422874	0.398526545	7137	16	0.019514417	13364000	110
20220425 234603	binary	custom	TRUE	TRUE	FALSE	-100	999983	-1	0	0	0	31	69	TRUE	0.103605663	0.498203801	6246	1024	0.015729904	13363000	51
20220425 233952	binary	custom	TRUE	TRUE	FALSE	-100	999983	-1	0	0	0	31	42	TRUE	0.113377439	0.701096332	3547	662	0.014910847	13354000	42
20220426 001417	binary	custom	TRUE	TRUE	FALSE	-100	999983	-1	0	0	0	31	53	TRUE	0.125726997	0.6107509	7542	254	0.01521815	13343000	72
20220426 005235	binary	custom	TRUE	TRUE	FALSE	-100	999983	-1	0	0	0	31	238	TRUE	0.018936926	0.609449627	6685	353	0.015096135	13343000	102
20220426 004334	binary	custom	TRUE	TRUE	FALSE	-100	999983	-1	0	0	0	31	53	TRUE	0.102967656	0.509790009	5526	959	0.015446932	13326000	92
20220425 234043	binary	custom	TRUE	TRUE	FALSE	-100	999983	-1	0	0	0	31	36	TRUE	0.128793747	0.667149876	2567	16	0.015389963	13323000	44
20220426 010619	binary	custom	TRUE	TRUE	FALSE	-100	999983	-1	0	0	0	31	40	TRUE	0.128725285	0.216404583	6773	1024	0.015600238	13323000	113
20220426 002901	binary	custom	TRUE	TRUE	FALSE	-100	999983	-1	0	0	0	31	1485	TRUE	0.01129861	0.203321627	6875	200	0.015231559	13305000	83
20220426 004307	binary	custom	TRUE	TRUE	FALSE	-100	999983	-1	0	0	0	31	669	TRUE	0.010641532	0.214007389	5125	1024	0.014877392	13298000	91
20220426 000636	binary	custom	TRUE	TRUE	FALSE	-100	999983	-1	0	0	0	31	122	TRUE	0.067446958	0.561520427	5090	1024	0.019845297	13296000	64
20220426 004741	binary	custom	TRUE	TRUE	FALSE	-100	999983	-1	0	0	0	31	249	TRUE	0.033767905	0.532693583	2856	16	0.016674007	13291000	95
20220426 000834	binary	custom	TRUE	TRUE	FALSE	-100	999983	-1	0	0	0	31	66	TRUE	0.058194394	0.50631968	5780	16	0.0152151	13287000	68
20220426 003137	binary	custom	TRUE	TRUE	FALSE	-100	999983	-1	0	0	0	31	643	TRUE	0.010036405	0.593465184	7999	240	0.017177033	13280000	84
20220425 233651	binary	custom	TRUE	TRUE	FALSE	-100	999983	-1	0	0	0	31	59	TRUE	0.119056884	0.600834822	5641	167	0.015359937	13259000	37
20220425 233155	binary	custom	TRUE	TRUE	FALSE	-100	999983	-1	0	0	0	31	39	TRUE	0.108345623	0.647406277	2417	739	0.015944333	13232000	30
20220425 233024	binary	custom	TRUE	TRUE	FALSE	-100	999983	-1	0	0	0	31	30	TRUE	0.124033743	0.675596329	2610	1023	0.014477509	13230000	26
20220425 234535	binary	custom	TRUE	TRUE	FALSE	-100	999983	-1	0	0	0	31	89	TRUE	0.091232282	0.509728515	7052	681	0.015575967	13228000	50
20220425 233129	binary	custom	TRUE	TRUE	FALSE	-100	999983	-1	0	0	0	31	29	TRUE	0.1913488	0.689682323	2863	694	0.015109097	13191000	29
20220425 232756	binary	custom	TRUE	TRUE	FALSE	-100	999983	-1	0	0	0	31	72	TRUE	0.061379736	0.538073461	3656	809	0.015335894	13168000	21
20220425 234110	binary	custom	TRUE	TRUE	FALSE	-100	999983	-1	0	0	0	31	104	TRUE	0.081475862	0.203744371	7478	1024	0.014936647	13165000	45
20220426 010834	binary	custom	TRUE	TRUE	FALSE	-100	999983	-1	0	0	0	31	436	TRUE	0.011126013	0.999904416	8000	708	0.014085424	13155000	116
20220425 234304	binary	custom	TRUE	TRUE	FALSE	-100	999983	-1	0	0	0	31	290	TRUE	0.022233794	0.529978581	3089	1024	0.021989775	13149000	46
20220426 004409	binary	custom	TRUE	TRUE	FALSE	-100	999983	-1	0	0	0	31	143	TRUE	0.10195318	0.207331774	5641	682	0.014924969	13123000	93
20220425 233801	binary	custom	TRUE	TRUE	FALSE	-100	999983	-1	0	0	0	31	64	TRUE	0.117350358	0.629270944	7988	1024	0.015061352	13115000	40
20220425 235216	binary	custom	TRUE	TRUE	FALSE	-100	999983	-1	0	0	0	31	159	TRUE	0.04736501	0.56037983	5558	663	0.021651211	13111000	55
20220425 233222	binary	custom	TRUE	TRUE	FALSE	-100	999983	-1	0	0	0	31	45	TRUE	0.110614453	0.453205873	3130	532	0.014856984	13094000	31
20220426 001728	binary	custom	TRUE	TRUE	FALSE	-100	999983	-1	0	0	0	31	391	TRUE	0.011155808	0.728682381	7998	16	0.014084285	13094000	75
20220426 000805	binary	custom	TRUE	TRUE	FALSE	-100	999983	-1	0	0	0	31	64	TRUE	0.087574874	0.998245284	3051	59	0.015917934	13052000	67
20220425 232910	binary	custom	TRUE	TRUE	FALSE	-100	999983	-1	0	0	0	31	43	TRUE	0.14771876	0.555946828	3776	650	0.017468833	13036000	24
20220426 010655	binary	custom	TRUE	TRUE	FALSE	-100	999983	-1	0	0	0	31	100	TRUE	0.091729644	0.690760543	4511	17	0.021046169	13035000	115
20220426 005005	binary	custom	TRUE	TRUE	FALSE	-100	999983	-1	0	0	0	31	20	TRUE	0.163342298	0.546712349	2451	682	0.012275303	13025000	98
20220426 004942	binary	custom	TRUE	TRUE	FALSE	-100	999983	-1	0	0	0	31	31	TRUE	0.121162916	0.628954469	2914	232	0.015334355	13021000	97
20220425 234031	binary	custom	TRUE	TRUE	FALSE	-100	999983	-1	0	0	0	31	55	TRUE	0.059438199	0.536938543	2920	148	0.012368074	13014000	43
20220425 233002	binary	custom	TRUE	TRUE	FALSE	-100	999983	-1	0	0	0	31	138	TRUE	0.044626621	0.981628955	2467	693	0.015264544	13008000	25
20220425 233721	binary	custom	TRUE	TRUE	FALSE	-100	999983	-1	0	0	0	31	119	TRUE	0.065053504	0.622525043	7995	16	0.021584917	13004000	38
20220425 232133	binary	custom	TRUE	TRUE	FALSE	-100	999983	-1	0	0	0	31	43	TRUE	0.139657361	0.525803516	3740	93	0.019403128	12993000	13
20220425 232247	binary	custom	TRUE	TRUE	FALSE	-100	999983	-1	0	0	0	31	29	TRUE	0.237362575	0.434901869	7120	962	0.01587568	12956000	16
20220425 232846	binary	custom	TRUE	TRUE	FALSE	-100	999983	-1	0	0	0	31	47	TRUE	0.117603389	0.740102866	2832	404	0.012609442	12943000	23
20220425 233528	binary	custom	TRUE	TRUE	FALSE	-100	999983	-1	0	0	0	31	104	TRUE	0.094073847	0.908278718	6810	16	0.015511846	12897000	35
20220425 233111	binary	custom	TRUE	TRUE	FALSE	-100	999983	-1	0	0	0	31	44	TRUE	0.220567657	0.420970935	7996	18	0.015200306	12888000	28
20220425 234833	binary	custom	TRUE	TRUE	FALSE	-100	999983	-1	0	0	0	31	464	TRUE	0.010055678	0.436999916	7713	1024	0.020052121	12855000	52
20220426 010500	binary	custom	TRUE	TRUE	FALSE	-100	999983	-1	0	0	0	31	38	TRUE	0.177354918	0.999999455	2655	647	0.019221475	12855000	111
20220426 003200	binary	custom	TRUE	TRUE	FALSE	-100	999983	-1	0	0	0	31	79	TRUE	0.152427449	0.950610301	4705	691	0.015083877	12853000	85
20220426 003434	binary	custom	TRUE	TRUE	FALSE	-100	999983	-1	0	0	0	31	892	TRUE	0.010520255	0.214315915	4682	17	0.022389212	12823000	86
20220426 004025	binary	custom	TRUE	TRUE	FALSE	-100	999983	-1	0	0	0	31	254	TRUE	0.029223822	0.299824636	7999	237	0.011889675	12817000	90
20220425 231617	binary	custom	TRUE	TRUE	FALSE	-100	999983	-1	0	0	0	31	66	TRUE	0.103146985	0.70521128	2918	315	0.023030123	12812000	2
20220426 003922	binary	custom	TRUE	TRUE	FALSE	-100	999983	-1	0	0	0	31	177	TRUE	0.060217254	0.200481891	5796	974	0.020794809	12795000	89
20220426 000738	binary	custom	TRUE	TRUE	FALSE	-100	999983	-1	0	0	0	31	31	TRUE	0.288772218	0.998464394	7995	674	0.015436712	12792000	66
20220426 010632	binary	custom	TRUE	TRUE	FALSE	-100	999983	-1	0	0	0	31	29	TRUE	0.295889392	0.20075826	7992	714	0.014779884	12777000	114
20220426 002444	binary	custom	TRUE	TRUE	FALSE	-100	999983	-1	0	0	0	31	73	TRUE	0.187751874	0.200495472	8000	695	0.015272361	12769000	81
20220426 000017	binary	custom	TRUE	TRUE	FALSE	-100	999983	-1	0	0	0	31	218	TRUE	0.023729739	0.991961336	5075	1024	0.017444386	12686000	59
20220426 002023	binary	custom	TRUE	TRUE	FALSE	-100	999983	-1	0	0	0	31	26	TRUE	0.261527094	0.983248976	6792	1023	0.020702332	12582000	77
20220425 234849	binary	custom	TRUE	TRUE	FALSE	-100	999983	-1	0	0	0	31	30	TRUE	0.28781577	0.529531257	7446	1024	0.023342879	12576000	53
20220425 231908	binary	custom	TRUE	TRUE	FALSE	-100	999983	-1	0	0	0	31	78	TRUE	0.1220236	0.568085605	6532	540	0.011864838	12575000	8
20220426 005043	binary	custom	TRUE	TRUE	FALSE	-100	999983	-1	0	0	0	31	33	TRUE	0.187482365	0.695173637	6671	17	0.016442986	12572000	100
20220425 233239	binary	custom	TRUE	TRUE	FALSE	-100	999983	-1	0	0	0	31	30	TRUE	0.234397668	0.535370552	7998	387	0.022465677	12561000	32
20220426 002458	binary	custom	TRUE	TRUE	FALSE	-100	999983	-1	0	0	0	31	34	TRUE	0.299732801	0.620527274	6846	197	0.015121361	12555000	82
20220425 231653	binary	custom	TRUE	TRUE	FALSE	-100	999983	-1	0	0	0	31	44	TRUE	0.167160352	0.452297482	1353	748	0.012863152	12530000	3
20220426 000309	binary	custom	TRUE	TRUE	FALSE	-100	999983	-1	0	0	0	31	26	TRUE	0.144680017	0.223276878	1834	272	0.01501464	12489000	62
20220426 003840	binary	custom	TRUE	TRUE	FALSE	-100	999983	-1	0	0	0	31	795	TRUE	0.010002449	0.913990813	4113	1024	0.02334379	12463000	88
20220425 231551	binary	custom	TRUE	TRUE	FALSE	-100	999983	-1	0	0	0	31	33	TRUE	0.225785823	0.909730362	4028	834	0.021112959	12338000	1
20220426 005800	binary	custom	TRUE	TRUE	FALSE	-100	999983	-1	0	0	0	31	19	TRUE	0.299982893	0.998084569	1728	593	0.014831149	12330000	105
20220425 233741	binary	custom	TRUE	TRUE	FALSE	-100	999983	-1	0	0	0	31	22	TRUE	0.216560471	0.583436034	2796	847	0.014476921	12302000	39
20220426 010904	binary	custom	TRUE	TRUE	FALSE	-100	999983	-1	0	0	0	31	23	TRUE	0.284935557	0.200575662	7505	16	0.023515903	12281000	118
20220425 232715	binary	custom	TRUE	TRUE	FALSE	-100	999983	-1	0	0	0	31	32	TRUE	0.27955412	0.983969116	3580	406	0.018711633	12263000	20
20220426 001507	binary	custom	TRUE	TRUE	FALSE	-100	999983	-1	0	0	0	31	126	TRUE	0.122080199	0.252849269	1700	1024	0.008347784	12224000	73
20220425 231705	binary	custom	TRUE	TRUE	FALSE	-100	999983	-1	0	0	0	31	22	TRUE	0.175798342	0.814571428	5887	423	0.027065999	11582000	4
20220425 231929	binary	custom	TRUE	TRUE	FALSE	-100	999983	-1	0	0	0	31	35	TRUE	0.14723271	0.619087812	2749	811	0.029116971	11485000	9
20220426 010851	binary	custom	TRUE	TRUE	FALSE	-100	999983	-1	0	0	0	31	76	TRUE	0.288367056	0.600866956	1461	16	0.008387656	11282000	117
20220425 234504	binary	custom	TRUE	TRUE	FALSE	-100	999983	-1	0	0	0	31	143	TRUE	0.064561963	0.448075554	6133	1024	0.008336617	11213000	49
20220425 232109	binary	custom	TRUE	TRUE	FALSE	-100	999983	-1	0	0	0	31	46	TRUE	0.087022152	0.300987206	6143	999	0.031689549	11015000	12
20220425 232439	binary	custom	TRUE	TRUE	FALSE	-100	999983	-1	0	0	0	31	90	TRUE	0.067054045	0.788166808	7723	696	0.034475565	10416000	18
20220425 232232	binary	custom	TRUE	TRUE	FALSE	-100	999983	-1	0	0	0	31	36	TRUE	0.297452243	0.253802548	659	641	0.008806632	10216000	15
20220425 231722	binary	custom	TRUE	TRUE	FALSE	-100	999983	-1	0	0	0	31	21	TRUE	0.211841441	0.518275997	5152	121	0.036360047	10176000	5
20220425 232046	binary	custom	TRUE	TRUE	FALSE	-100	999983	-1	0	0	0	31	127	TRUE	0.033655537	0.943122003	2347	213	0.040242724	9823000	11
20220425 231752	binary	custom	TRUE	TRUE	FALSE	-100	999983	-1	0	0	0	31	12	TRUE	0.189699991	0.876578245	838	353	0.030909259	9404000	6
20220425 231842	binary	custom	TRUE	TRUE	FALSE	-100	999983	-1	0	0	0	31	161	TRUE	0.049237911	0.376192423	4620	620	0.042071867	9254000	7
20220425 232416	binary	custom	TRUE	TRUE	FALSE	-100	999983	-1	0	0	0	31	364	TRUE	0.020017645	0.323104322	7301	62	0.045728987	8482000	17
20220425 232148	binary	custom	TRUE	TRUE	FALSE	-100	999983	-1	0	0	0	31	51	TRUE	0.269206417	0.755323622	5401	921	0.046542414	7919000	14
20220425 231950	binary	custom	TRUE	TRUE	FALSE	-100	999983	-1	0	0	0	31	25	TRUE	0.247195324	0.657569191	1810	235	0.048402503	7915000	10
20220425 232658	binary	custom	TRUE	TRUE	FALSE	-100	999983	-1	0	0	0	31	39	TRUE	0.071785508	0.237866053	185	486	0.038755887	7267000	19
20220425 235917	binary	custom	TRUE	TRUE	FALSE	-100	999983	-1	0	0	0	31	17	TRUE	0.080453186	0.59207118	22	656	0.015297005	4399000	58
