fecha	gamma	alpha	lambda	subsample	tree_method	grow_policy	max_bin	max_leaves	scale_pos_weight	eta	colsample_bytree	min_child_weight	max_depth	prob_corte	nrounds	ganancia	iteracion
20220426 103523	0	0	0	1	auto	depthwise	256	0	1	0.269355900237802	0.608833802528679	3	11	0.0305823470334872	4	9448000	1
20220426 104030	0	0	0	1	auto	depthwise	256	0	1	0.187462825400638	0.708562422087416	9	25	0.0445291886790074	19	7016000	2
20220426 104157	0	0	0	1	auto	depthwise	256	0	1	0.254902945736307	0.344964181659743	9	5	0.0238160429211954	51	10800000	3
20220426 104916	0	0	0	1	auto	depthwise	256	0	1	0.122673524974729	0.786763029778376	2	15	0.0163429004707723	35	10578000	4
20220426 105311	0	0	0	1	auto	depthwise	256	0	1	0.167303346809233	0.529518113946542	8	30	0.0345038021885557	9	8317000	5
20220426 110842	0	0	0	1	auto	depthwise	256	0	1	0.0616402050319593	0.95411612582393	3	14	0.0326699669468023	93	9948000	6
20220426 111100	0	0	0	1	auto	depthwise	256	0	1	0.183121170684462	0.587885245708749	4	6	0.020434545011085	27	11347000	7
20220426 111523	0	0	0	1	auto	depthwise	256	0	1	0.133375060386839	0.458152924757451	5	17	0.0359558596363058	29	8873000	8
20220426 111751	0	0	0	1	auto	depthwise	256	0	1	0.275249390645302	0.381823952123523	6	19	0.00909025102446321	7	10861000	9
20220426 112115	0	0	0	1	auto	depthwise	256	0	1	0.202665143788443	0.857712786225602	10	8	0.0489888917184241	23	7546000	10
20220426 120417	0	0	0	1	auto	depthwise	256	0	1	0.0143849069216521	0.667925022747368	1	26	0.0392184166586958	158	6063000	11
20220426 122614	0	0	0	1	auto	depthwise	256	0	1	0.0266994890781352	0.279546436564997	0	27	0.0216270656591708	193	646000	12
20220426 123221	0	0	0	1	auto	depthwise	256	0	1	0.218171137424768	0.74791400320828	1	22	0.0258220632759427	5	6333000	13
20220426 123455	0	0	0	1	auto	depthwise	256	0	1	0.0726249365266412	0.431674571670592	4	3	0.0403630420357028	125	10046000	14
20220426 124019	0	0	0	1	auto	depthwise	256	0	1	0.108218143748934	0.495986862620339	10	18	0.0167043947886365	36	12533000	15
20220426 124152	0	0	0	1	auto	depthwise	256	0	1	0.29272482904396	0.801935414345935	6	4	0.0291545204764892	15	10306000	16
20220426 124438	0	0	0	1	auto	depthwise	256	0	1	0.14086950936215	0.303946525910869	0	13	0.0116233548489011	4	7943000	17
20220426 125452	0	0	0	1	auto	depthwise	256	0	1	0.0947705713099567	0.89153406733647	7	28	0.04310780732485	25	7504000	18
20220426 131113	0	0	0	1	auto	depthwise	256	0	1	0.0447191750193015	0.973012350443751	6	10	0.01438994234389	183	12790000	19
20220426 131308	0	0	0	1	auto	depthwise	256	0	1	0.230954302728642	0.220410624453798	7	21	0.0460910631047833	13	6803000	20
20220426 131715	0	0	0	1	auto	depthwise	256	0	1	0.135840597834778	0.769163010965358	10	11	0.0101828849672361	19	12199000	21
20220426 131943	0	0	0	1	auto	depthwise	256	0	1	0.140094313611444	0.999767666240578	4	2	0.0123101406426627	108	12789000	22
20220426 132546	0	0	0	1	auto	depthwise	256	0	1	0.143869444718299	0.999937268981584	8	14	0.0153576086886865	18	11824000	23
20220426 133204	0	0	0	1	auto	depthwise	256	0	1	0.0477601251421788	0.659646438001329	6	3	0.0103685641939474	339	12696000	24
20220426 133631	0	0	0	1	auto	depthwise	256	0	1	0.0811685540529802	0.920785244849672	4	8	0.00834318029047912	5	11844000	25
20220426 134009	0	0	0	1	auto	depthwise	256	0	1	0.0466604471530143	0.568457711555262	10	2	0.0153461593605342	254	13207000	26
20220426 134907	0	0	0	1	auto	depthwise	256	0	1	0.0234974863866444	0.461351597508866	10	9	0.0140255324981689	136	13376000	27
20220426 135047	0	0	0	1	auto	depthwise	256	0	1	0.099043642857481	0.21404035489491	10	6	0.0133804806536808	55	12920000	28
20220426 135432	0	0	0	1	auto	depthwise	256	0	1	0.0661940095970971	0.532481783387135	9	7	0.0144269646477357	51	13056000	29
20220426 141141	0	0	0	1	auto	depthwise	256	0	1	0.0101761077923529	0.968663270579084	5	2	0.0162635955047481	839	12707000	30
20220426 144000	0	0	0	1	auto	depthwise	256	0	1	0.0100912885532779	0.699294839531088	10	8	0.0189922292680387	300	13200000	31
20220426 144226	0	0	0	1	auto	depthwise	256	0	1	0.295844496693678	0.959458056944089	2	2	0.0128493433996833	61	11797000	32
20220426 151943	0	0	0	1	auto	depthwise	256	0	1	0.0100145868792442	0.608612739868963	10	9	0.0155115746184941	336	13408000	33
20220426 153620	0	0	0	1	auto	depthwise	256	0	1	0.0101617073613721	0.402171771515876	10	6	0.0165134687346795	464	13824000	34
20220426 154555	0	0	0	1	auto	depthwise	256	0	1	0.0160182217276039	0.230333237325428	10	4	0.0179087271838253	745	13362000	35
20220426 155922	0	0	0	1	auto	depthwise	256	0	1	0.0100233892839402	0.411160035751966	10	5	0.0291444266570106	423	11720000	36
20220426 160046	0	0	0	1	auto	depthwise	256	0	1	0.191870568915726	0.999984521501343	0	2	0.0499899089433666	28	8491000	37
20220426 161810	0	0	0	1	auto	depthwise	256	0	1	0.010157747171626	0.506794500002877	7	5	0.0163139469639112	531	13573000	38
20220426 161922	0	0	0	1	auto	depthwise	256	0	1	0.116826182077725	0.42670259780638	6	2	0.0155319460621488	52	13208000	39
20220426 163959	0	0	0	1	auto	depthwise	256	0	1	0.010068765626031	0.37509161723282	10	12	0.0169463964304879	323	13347000	40
20220426 164318	0	0	0	1	auto	depthwise	256	0	1	0.136148273059445	0.774697544849396	6	5	0.0154246575864343	64	13114000	41
20220426 170038	0	0	0	1	auto	depthwise	256	0	1	0.0100274330070989	0.445585726683983	10	5	0.0168482316687851	642	13602000	42
20220426 172308	0	0	0	1	auto	depthwise	256	0	1	0.0196057974055735	0.870150214431936	10	30	0.00836793221447577	48	11743000	43
20220426 174137	0	0	0	1	auto	depthwise	256	0	1	0.0101105682217607	0.35557072761444	10	7	0.0160875833081072	458	13803000	44
20220426 175524	0	0	0	1	auto	depthwise	256	0	1	0.0103307401469487	0.281493017172225	7	6	0.0156373935245008	443	13360000	45
20220426 180810	0	0	0	1	auto	depthwise	256	0	1	0.0103650993222176	0.387672082266427	8	2	0.0158600921569812	860	13283000	46
20220426 181220	0	0	0	1	auto	depthwise	256	0	1	0.299967164295109	0.669453315970985	10	30	0.00838544295770011	10	9785000	47
20220426 183913	0	0	0	1	auto	depthwise	256	0	1	0.0134800401094356	0.996489007673374	10	6	0.0150443670196228	335	13298000	48
20220426 184332	0	0	0	1	auto	depthwise	256	0	1	0.0374235132854127	0.386126183356668	10	6	0.0161740092311171	91	13213000	49
20220426 190318	0	0	0	1	auto	depthwise	256	0	1	0.0101910167181976	0.440190268784776	10	17	0.00834037365734452	53	12486000	50
20220426 192112	0	0	0	1	auto	depthwise	256	0	1	0.0102317351602643	0.767184312921964	7	6	0.0142275146466144	117	13139000	51
20220426 192325	0	0	0	1	auto	depthwise	256	0	1	0.122995636516306	0.556739949271792	7	2	0.0134399015500875	151	13351000	52
20220426 192603	0	0	0	1	auto	depthwise	256	0	1	0.11860363281767	0.999917128298152	10	2	0.0135261650467535	110	13217000	53
20220426 192710	0	0	0	1	auto	depthwise	256	0	1	0.299801462934843	0.539980955462449	10	2	0.00835019910717772	56	11302000	54
20220426 193304	0	0	0	1	auto	depthwise	256	0	1	0.0977493312633646	0.922712122146602	6	2	0.0172119648859023	389	12739000	55
20220426 193434	0	0	0	1	auto	depthwise	256	0	1	0.235280394769804	0.997837435238777	6	2	0.00837804006141597	45	11485000	56
20220426 194304	0	0	0	1	auto	depthwise	256	0	1	0.0100873078110816	0.257576412709269	10	6	0.0131314192941784	171	13072000	57
20220426 203702	0	0	0	1	auto	depthwise	256	0	1	0.0104564042603615	0.999959787379069	9	19	0.0137825753906688	281	12878000	58
20220426 205639	0	0	0	1	auto	depthwise	256	0	1	0.01001731190393	0.401493014294482	10	7	0.0179394846239375	576	13320000	59
20220426 213311	0	0	0	1	auto	depthwise	256	0	1	0.0100127150644317	0.965683981006355	10	2	0.0224566820329843	2380	12694000	60
20220426 213415	0	0	0	1	auto	depthwise	256	0	1	0.299262705439026	0.537513763038663	6	2	0.016435442201582	45	12955000	61
20220426 213952	0	0	0	1	auto	depthwise	256	0	1	0.0301197774093404	0.225208452623815	10	19	0.0139711219105169	67	12694000	62
20220426 214107	0	0	0	1	auto	depthwise	256	0	1	0.218006078558988	0.575869231568091	5	2	0.0141334787892325	60	13063000	63
20220426 214229	0	0	0	1	auto	depthwise	256	0	1	0.238720781236067	0.464518475268157	10	2	0.0142921362993486	93	13045000	64
20220426 215815	0	0	0	1	auto	depthwise	256	0	1	0.0102195339339222	0.202068322120782	10	6	0.0201332442833348	980	13005000	65
20220426 221045	0	0	0	1	auto	depthwise	256	0	1	0.010073419287183	0.779748152676782	10	2	0.0337842244697161	608	10749000	66
20220426 221217	0	0	0	1	auto	depthwise	256	0	1	0.153065895100336	0.694644000925886	10	2	0.0164137845899107	66	13099000	67
20220426 221353	0	0	0	1	auto	depthwise	256	0	1	0.299705629016929	0.225058449480057	10	18	0.0164983909453037	13	11668000	68
20220426 221537	0	0	0	1	auto	depthwise	256	0	1	0.298431786277104	0.94658971156025	10	2	0.0198266022121819	72	11882000	69
20220426 222548	0	0	0	1	auto	depthwise	256	0	1	0.0632794030250851	0.922118000500553	10	20	0.0099904313173335	34	12697000	70
20220426 223053	0	0	0	1	auto	depthwise	256	0	1	0.11165549339288	0.999122735181804	10	2	0.0268241434422065	308	11942000	71
20220426 224459	0	0	0	1	auto	depthwise	256	0	1	0.0101550307706317	0.522760959556377	6	4	0.0144414476523397	477	13682000	72
20220426 230147	0	0	0	1	auto	depthwise	256	0	1	0.010286466311358	0.821563596366464	7	2	0.0269030242790965	972	11838000	73
20220426 230232	0	0	0	1	auto	depthwise	256	0	1	0.252154260491896	0.200203764201356	6	2	0.0152092723367573	57	13024000	74
20220426 234359	0	0	0	1	auto	depthwise	256	0	1	0.0100811532995967	0.818102952334894	10	16	0.014395224467395	273	13469000	75
20220427 001606	0	0	0	1	auto	depthwise	256	0	1	0.0173167137574042	0.996966771395914	10	16	0.0268152511220069	214	11483000	76
20220427 004152	0	0	0	1	auto	depthwise	256	0	1	0.0101634833493845	0.498500957138637	10	17	0.0141558312417731	213	13719000	77
20220427 011019	0	0	0	1	auto	depthwise	256	0	1	0.0100839776921922	0.510204361679729	10	22	0.0139994524311432	206	13530000	78
20220427 013625	0	0	0	1	auto	depthwise	256	0	1	0.0100137527582295	0.525350181979453	6	17	0.0123896708175217	110	13440000	79
20220427 013903	0	0	0	1	auto	depthwise	256	0	1	0.0869088668113862	0.853372561822484	10	2	0.0146142438840494	121	13068000	80
20220427 014118	0	0	0	1	auto	depthwise	256	0	1	0.149062643874911	0.512599687883444	6	7	0.0139380124772907	20	12108000	81
20220427 014408	0	0	0	1	auto	depthwise	256	0	1	0.104403785978734	0.680085455788602	5	2	0.0149725822579705	156	13123000	82
20220427 014549	0	0	0	1	auto	depthwise	256	0	1	0.239206338470885	0.884590807780286	5	2	0.0165007636627297	65	12706000	83
20220427 022025	0	0	0	1	auto	depthwise	256	0	1	0.0101400218280823	0.652255302891448	10	21	0.0120447044107261	205	13487000	84
20220427 022208	0	0	0	1	auto	depthwise	256	0	1	0.117169799520865	0.407603633851493	10	2	0.0150187477095083	128	13160000	85
20220427 022352	0	0	0	1	auto	depthwise	256	0	1	0.231488581331422	0.672014395177699	7	2	0.0161608264947245	100	12830000	86
20220427 024010	0	0	0	1	auto	depthwise	256	0	1	0.0100527363407894	0.564737264656088	8	4	0.0163233954688378	579	13660000	87
20220427 032339	0	0	0	1	auto	depthwise	256	0	1	0.0100763055863456	0.802673767702885	6	19	0.0106832419727664	180	12939000	88
20220427 032431	0	0	0	1	auto	depthwise	256	0	1	0.18442504748922	0.200609767980163	10	2	0.0164484822508092	72	12822000	89
20220427 032937	0	0	0	1	auto	depthwise	256	0	1	0.0857492729331306	0.526782373924831	10	21	0.0121886630858026	20	13349000	90
20220427 035931	0	0	0	1	auto	depthwise	256	0	1	0.0100491789252873	0.547950065346415	9	19	0.0132024675979277	207	13392000	91
20220427 042255	0	0	0	1	auto	depthwise	256	0	1	0.010229914130591	0.481659880160932	9	15	0.0140397032097705	187	13675000	92
20220427 043111	0	0	0	1	auto	depthwise	256	0	1	0.0700371095237759	0.773567816593777	10	23	0.0137685422751898	28	13379000	93
20220427 044538	0	0	0	1	auto	depthwise	256	0	1	0.0210982338420836	0.556268588641587	10	24	0.010746382033869	67	12974000	94
20220427 044820	0	0	0	1	auto	depthwise	256	0	1	0.121781126035223	0.80798822731325	10	4	0.0208802620016068	52	12260000	95
20220427 045011	0	0	0	1	auto	depthwise	256	0	1	0.08306397123282	0.200309616489912	6	2	0.0313983603037911	218	11364000	96
20220427 045537	0	0	0	1	auto	depthwise	256	0	1	0.0665912025041794	0.549073711748703	10	16	0.0130151977890896	23	12902000	97
20220427 050940	0	0	0	1	auto	depthwise	256	0	1	0.0103523410754985	0.522406301035212	5	4	0.0164652643808155	476	13362000	98
20220427 054952	0	0	0	1	auto	depthwise	256	0	1	0.0101389308407843	0.63805047765761	7	16	0.0163562103936795	368	12764000	99
20220427 064206	0	0	0	1	auto	depthwise	256	0	1	0.0100049646109137	0.834196554425731	10	21	0.0159839293738042	361	13137000	100
20220427 064401	0	0	0	1	auto	depthwise	256	0	1	0.29986014599043	0.812075966469871	10	4	0.0140220563923202	35	12700000	101
20220427 064957	0	0	0	1	auto	depthwise	256	0	1	0.127704247714788	0.785156981230108	10	22	0.0122673323652619	17	12880000	102
20220427 073035	0	0	0	1	auto	depthwise	256	0	1	0.0102579580972772	0.999814865069088	6	7	0.0206039469622659	595	12670000	103
20220427 084222	0	0	0	1	auto	depthwise	256	0	1	0.0104112795439043	0.999885007028113	10	12	0.0191875079117148	849	12609000	104
20220427 084500	0	0	0	1	auto	depthwise	256	0	1	0.115389277527095	0.724256135068997	10	3	0.0122525833231928	93	13195000	105
20220427 092621	0	0	0	1	auto	depthwise	256	0	1	0.0100181535851166	0.81097011095467	10	23	0.0124264494964237	180	13317000	106
20220427 093043	0	0	0	1	auto	depthwise	256	0	1	0.105165729815473	0.407349120029326	10	30	0.0132754383101799	33	12580000	107
20220427 093122	0	0	0	1	auto	depthwise	256	0	1	0.2998180347966	0.200040840451614	0	2	0.0357244936662543	40	8898000	108
20220427 093211	0	0	0	1	auto	depthwise	256	0	1	0.29991597597412	0.200298623166156	9	2	0.0146251730169415	70	12812000	109
20220427 093557	0	0	0	1	auto	depthwise	256	0	1	0.116833114470355	0.398629226685681	10	22	0.0138976896625113	26	13067000	110
20220427 101226	0	0	0	1	auto	depthwise	256	0	1	0.0101092777980417	0.894892726244979	5	14	0.0112123145704479	98	12826000	111
20220427 101347	0	0	0	1	auto	depthwise	256	0	1	0.105007982678307	0.200313913373445	8	2	0.0161971124068626	135	13050000	112
20220427 101446	0	0	0	1	auto	depthwise	256	0	1	0.299690498183582	0.392694210297776	3	2	0.0153475573878358	55	12281000	113
20220427 101657	0	0	0	1	auto	depthwise	256	0	1	0.189082848567281	0.996208677968034	10	4	0.0145594671299438	22	12553000	114
20220427 103921	0	0	0	1	auto	depthwise	256	0	1	0.010004412874062	0.413350817657739	8	12	0.0145245673769271	304	13630000	115
20220427 110230	0	0	0	1	auto	depthwise	256	0	1	0.0103248541356815	0.999905230495955	10	2	0.00943379164118404	275	11756000	116
20220427 110949	0	0	0	1	auto	depthwise	256	0	1	0.140753448481861	0.999929183931436	0	2	0.0245295749987985	243	10584000	117
20220427 132103	0	0	0	1	auto	depthwise	256	0	1	0.0102531913040689	0.200017055384166	10	4	0.0370105857991785	713	10846000	118
20220427 135746	0	0	0	1	auto	depthwise	256	0	1	0.0102132622833982	0.421416484143633	8	18	0.0119709495665913	153	13131000	119
20220427 141302	0	0	0	1	auto	depthwise	256	0	1	0.0103620385526469	0.20057183891564	10	7	0.0162624640743365	520	13584000	120
